000000000000000000000000000000000100000000100000
000000000000000000000000000000000100000000100000
000000000000000000000000000000000100000000100000
000000000111111111111111111111111100000000100000
000000000000000000000000000000000000000000100000
000000000000000000000000000000000000000000100000
000000000000000000000000000000000000000000100000
000000000000000000111100001111111100000000100000
000000000000000001000000000000000100000000100000
000000011111000010000000000000000100000000100000
000000000000000100000000000000000100000000100000
000000000000001000000000001000000100000000100000
000000000000000000000000001000000000000000100000
000000000000000000000000001000000000000000100000
000000000000000000000000001000000000000000100000
000000000000001000000000001000000100000000100000
000000000000000100000000000000000100000000100000
000000011111000010000000000000000100000000100000
000000000000000001000000000000000100000000100000
000000000000000000111100001111111100000000100000
000000000000000000000000000000000000000000100000
000000000000000000000000000000000000000000100000
000000000000000000000000000000000000000000100000
000000001111111111111111111111111100000000100000
000000000000000000000000000000000100000000100000
000000000000000000000000000000000100000000100000
000000000000000000000000000000000000000000000000
